r <- 7
g <- 2332
g / r

